2023-09-01 12:35:41,782 [INFO] hello
2023-09-01 12:35:41,783 [INFO] Logging into 192.168.80.201
2023-09-01 12:35:41,822 [INFO] User logged in. {'host': '192.168.80.201', 'user': 'admin'}
2023-09-01 12:35:41,869 [INFO] Getting Filers connected to portal
2023-09-01 12:35:44,448 [INFO] dele
2023-09-01 12:35:44,470 [INFO] Share name: 'cloud'
2023-09-01 12:35:44,470 [INFO] Share name: 'vol1-deleteme'
2023-09-01 12:35:44,470 [INFO] Share name: 'vol1-thistoo'
2023-09-01 12:35:44,471 [INFO] The following shares from filer LabGW will be deleted:
2023-09-01 12:35:44,471 [INFO] Share vol1-deleteme
2023-09-01 12:35:45,720 [INFO] Share deleted. {'name': 'vol1-deleteme'}
2023-09-01 12:35:45,721 [INFO] Share vol1-deleteme deleted
